Circle,Circle,Circle
Area,Length,Width
605222.1451078404,759.371826171875,1014.776611328125
591091.2438943952,763.734375,985.422119140625
590350.7089266628,760.4874877929688,988.3895263671875
576370.6382363056,783.6563720703125,936.4536743164062
558312.9215692134,777.7007446289062,914.0612182617188
581983.2170544919,765.781982421875,967.6436157226562
570157.6165518753,790.8696899414062,917.9100341796875
604250.1031153332,761.337890625,1010.5304565429688
589744.6501142302,766.5687255859375,979.5419311523438
593468.3061696049,760.2403564453125,993.93212890625
568435.928105692,763.1019897460938,948.438232421875
563487.4113910892,783.3043212890625,915.9332275390625
567723.5054822149,779.6893920898438,927.097412109375
597948.0195891516,754.497802734375,1009.0567016601562
560182.2630814406,788.7329711914062,904.2936401367188
567440.4574306988,772.8935546875,934.7828369140625
600071.434137815,761.1199951171875,1003.8294677734375
590672.3187256781,764.1005859375,984.2517700195312
573581.2736549462,778.3994140625,938.2154541015625
596344.4464346381,763.46630859375,994.5289306640625
624562.6894406278,771.9140625,1030.189697265625
625053.192847825,765.8661499023438,1039.140380859375
618019.9859502661,773.9647216796875,1016.6968383789062
595869.4218227543,777.1962890625,976.1813354492188
568970.0216342874,776.4210815429688,933.0441284179688
584344.6237231131,775.6934814453125,959.155517578125
590090.9811431731,768.0160522460938,978.2701416015625
599961.2277915132,771.75439453125,989.8153686523438
606062.9047348816,768.5872192382812,1004.002197265625
598010.6782307626,768.5261840820312,990.7415771484375
598056.0948015412,772.0269775390625,986.3239135742188
609064.6026313257,771.1222534179688,1005.6578369140625
553297.5146795481,785.13427734375,897.2736206054688
618191.513808575,774.9898071289062,1015.6338500976562
607225.5256037458,773.6429443359375,999.3544921875
566799.5752722706,770.2970581054688,936.8744506835938
597500.9764439974,773.2252197265625,983.88134765625
620499.3048488669,769.5266723632812,1026.66259765625
614193.3659493156,769.657958984375,1016.0556030273438
607909.8609100784,770.6121215820312,1004.4156494140625
592238.7608184674,761.8679809570312,989.75390625
564180.2824592555,775.4959106445312,926.2932739257812
601258.1075462439,763.2640991210938,1002.9891357421875
592006.1244665317,756.2836303710938,996.6705322265625
612216.8374436791,780.1029052734375,999.2254638671875
614819.983224479,778.5188598632812,1005.5159301757812
604077.7463588543,769.3824462890625,999.6792602539062
624822.3156493674,771.9026489257812,1030.6331787109375
595699.604390612,769.956787109375,985.0790405273438
585622.9457108956,766.5579223632812,972.7096557617188
624057.7393690359,769.7857666015625,1032.2027587890625
605296.5259090698,777.4990844726562,991.2390747070312
573314.4555083103,762.0595092773438,957.8866577148438
607044.9811361177,764.2501831054688,1011.3359375
615974.2130734961,759.2125854492188,1033.021240234375
628646.1172734272,767.4924926757812,1042.89892578125
594092.2175165707,760.7056884765625,994.368408203125
618777.2443713868,771.435302734375,1021.2802734375
597979.9257099177,772.5170288085938,985.5726928710938
601387.5954320399,776.1306762695312,986.5741577148438
600604.163235461,765.6524658203125,998.77294921875
576043.4703741297,784.3607177734375,935.0816650390625
604993.2257614795,775.4437255859375,993.368408203125
615345.4120882303,768.69482421875,1019.2368774414062
629784.7279138224,769.459716796875,1042.11669921875
628340.868186349,764.4771728515625,1046.5040283203125
623520.6527017847,768.4160766601562,1033.1527099609375
600830.2312936046,771.32421875,991.8018798828125
625624.9469759476,766.54833984375,1039.165283203125
616429.1775768959,773.2454833984375,1015.0230712890625
595644.1002064535,775.6256103515625,977.7882690429688
616933.8359478688,768.8687133789062,1021.6367797851562
598030.1395790366,770.7437744140625,987.9231567382812
599294.1938885176,771.5533447265625,988.9725341796875
621517.7616455627,761.3514404296875,1039.389892578125
600274.9325103189,771.30615234375,990.908447265625
625553.0044700112,761.803466796875,1045.5174560546875
595177.8545031631,774.9561767578125,977.8668823242188
606499.1657667407,769.5610961914062,1003.4534301757812
607416.6520096648,772.8126220703125,1000.7431030273438
633053.4294686517,766.47314453125,1051.607177734375
603591.5956148192,753.6438598632812,1019.7345581054688
587100.4061361613,763.0931396484375,979.5913696289062
572780.7227567185,778.1724853515625,937.17919921875
583330.9757227524,783.46533203125,947.9935302734375
588850.4829710607,761.5783081054688,984.4656982421875
610107.1701611392,749.7041625976562,1036.1588134765625
558101.737316233,789.68408203125,899.8499755859375
585319.5714337351,768.3767700195312,969.9044189453125
584441.2167359461,780.4281005859375,953.4942016601562
586331.0116930271,765.0218505859375,975.8411865234375
571877.2978438552,770.0682373046875,945.5484008789062
602112.0950008959,754.6591186523438,1015.8665161132812
605060.1715976052,754.4842529296875,1021.0770263671875
592676.6117796906,756.5733032226562,997.4172973632812
616714.1917787535,758.7393188476562,1034.9073486328125
568197.3556719614,762.255615234375,949.0928344726562
581739.6275195824,771.3410034179688,960.2677612304688
578812.0793239247,776.2804565429688,949.3558959960938
592676.6117796906,756.5733032226562,997.4172973632812
